0.1784266
0.0929129    0.782913
1.241095     0.05795374  7.185182
0.008929181  0.1821885   0.000001374268  0.02340019
0.1992269    1.923901    0.08705989      0.1843856   0.00000001046446
0.9521821    0.06273863  0.5038373       7.426619    0.00000000007519215       3.691671
1.851951     1.0894      0.4868901       2.1124      0.05891123                0.0551634       1.38937
5.241316    10.4955     14.05444        11.26995     3.96338800                8.908434        7.29808       9.139518 
0.1140412    0.3245175   1.762721        0.03916999  0.0006594967              0.000006712736  0.0001029959  0.03560482  4.706586
0.06969101   0.3932002   0.02769442      0.03020502  0.006079219               0.6802781       0.001283121   0.02157936  5.879103  1.601123
0.07388355   7.54924     6.190318        0.06622772  0.0000000000000003722878  3.030805        3.608816      0.055044    1.455741  0.5059793   0.02158451
0.06299271   0.3362326   0.03972173      0.03357577  0.007213178               0.001233336     0.07659566    0.02187264  2.298295 10.96748     5.647985    1.238634
0.1130146    0.08208677  0.1955446       0.1031734   0.19938180                0.00149661      0.05288625    0.1984772   5.642309  2.714705    3.390618    0.004649035  3.94794
1.800713     0.3498713   0.007342554     0.1509482   0.004878395               0.7426909       0.02889815    0.07915056 10.49496   0.05016568  1.149931    0.009948994  0.07417279   0.3556198
0.9988358    1.926435    7.348346        0.5822988   0.2639482                 0.0005906405    0.06776709    0.9984215   5.439116  0.6007607   0.1580539   0.08688405   0.01861354   0.9813064   1.284651
2.912317     1.135258    2.147175        0.1516881   0.000003225214            0.1202094       0.06016624    0.07862767  3.443285  3.087152    0.5702792   1.039298     1.415612     0.03674486  0.9057112    3.058575
0.07939549   0.5724286   0.0007310937    0.01423897  0.4440833                 0.00004332983   0.02252612    0.1386853   7.01389   0.06318748  0.3378544   0.008024263  0.1011149    0.2199856   0.005516074  0.1385142   0.01412361
0.1433528    0.1711315   2.622763        0.9078338   0.7741612                 0.02737091      0.1240642     0.2295842  20.55414   0.2903165   0.152132    0.07109973   0.002246759  7.074464    0.1992133    0.8104751   0.09984255  0.6121284
3.774477     0.1366145   0.04931206      0.4076074   0.02243512                0.009047737     0.5795409     0.42282     6.890244  7.926675    3.59531     0.0349344    4.39672000   1.643946    0.2217442    0.07477041  0.2166054   0.09663569  0.5010635

0.06541704 0.04708366 0.03168984 0.04688141 0.02150693 0.04240711 0.02842211 0.1005278 0.009812606 0.03424424 0.06222565 0.04844488 0.0176037 0.03478555 0.03962469 0.1280566 0.08199314 0.03393045 0.07586119 0.04948141


//A   R   N   D   C   Q   E   G   H   I   L   K   M   F   P   S   T   W   Y   V
//Ala Arg Asn Asp Cys Gln Glu Gly His Ile Leu Lys Met Phe Pro Ser Thr Trp Tyr Val