0.411369210
0.272108441  0.690697816
0.537979882  0.128916229  6.419184592
1.927407726  0.637641072  0.427332366  0.097266653
1.000822747  3.125742015  1.740085998  0.577858431  0.068442448
1.064958047  0.364765559  0.532651549  6.209372754  0.011334452  4.340145193
1.726700741  0.580834919  1.078463067  0.938958085  0.489548568  0.230619324  0.724478494
0.341369311  2.524906667  4.818725162  1.119743587  0.595915643  6.48313597   0.401796545  0.241270083
0.160754676  0.165240985  0.363112134  0.021046133  0.274642348  0.09567887   0.050706819  0.021111304  0.146772416
0.385451233  0.314453376  0.071487784  0.02242492   0.517303194  0.779312312  0.07924615   0.05334276   0.468341277  3.884679638
0.495045475  8.155672927  2.465965958  0.291646536  0.022531075  3.349091     2.182616219  0.221198251  0.599064533  0.197661824  0.138352381
0.812936578  0.43490116   0.308117286  0.034608487  0.574523883  1.345172045  0.145134696  0.088317968  0.362877569  4.63178066   4.973633974  0.607340896
0.271938118  0.05859432   0.097921003  0.032902914  1.201541857  0.050161785  0.023936456  0.088993297  0.73647602   1.301154678  3.997048474  0.03800583   1.407808655
1.279061375  0.356075939  0.154293877  0.400956836  0.075042846  0.879248211  0.376861606  0.158645548  0.748197796  0.084385318  0.514925623  0.349497923  0.083301449  0.100796273
4.636757164  0.86902097   5.073408819  1.205097628  2.403450536  1.196393794  0.557335893  1.497680467  0.93120842   0.112057128  0.478892595  0.658694216  0.263297738  0.779492979  1.949090428
3.104455681  0.506483243  1.81902479   0.36642353   0.720288888  0.888663974  0.467561373  0.090869516  0.510002979  2.209774633  0.249127345  0.939599909  1.858374216  0.154629354  0.72029647   5.295672294
0.127904694  0.503935361  0.030958389  0.031968231  1.183140601  0.176037651  0.070145131  0.222343146  0.374648992  0.078073244  0.436140848  0.045734005  0.411607444  1.578424111  0.078951166  0.222802108  0.098596321
0.241089433  0.320273276  1.003153977  0.296230395  1.487182263  0.323840895  0.146012022  0.062432558 11.70025569   0.254715265  0.340819545  0.135388887  0.418123202  9.692174642  0.098514909  0.542362405  0.229175918  2.071201519
3.76162852   0.164533836  0.096783732  0.11352745   1.472220719  0.226873568  0.346774522  0.207470551  0.105889494 12.05200144   1.735555404  0.167239757  2.334685771  0.810584804  0.267492174  0.114366882  1.637649103  0.160563059  0.263012065

0.0698408 0.0527365 0.0386741 0.0434241 0.0184966 0.0342301 0.0625993 0.0795470 0.0206979 0.0599927 0.0926412 0.0627311 0.0329818 0.0337404 0.0441391 0.0628714 0.0706965 0.0265006 0.0240127 0.0694460


//A   R   N   D   C   Q   E   G   H   I   L   K   M   F   P   S   T   W   Y   V
//Ala Arg Asn Asp Cys Gln Glu Gly His Ile Leu Lys Met Phe Pro Ser Thr Trp Tyr Val