0.077462
0.078037  0.00002
0.550515  0.089476 8.801355
0.114675  0.572845 0.00002  0.00002
0.09049   3.856678 0.093133 0.183601 0.00002
0.560685  0.020614 0.00002  7.603314 0.00002  1.058066
0.478097  1.281339 0.147801 1.359685 0.221287 0.00002  2.331269
0.168719  2.704348 3.326034 0.543235 0.240631 8.958548 0.025386 0.032838
0.00002   0.15125  0.538307 0.00002  0.00002  0.00002  0.00002  0.00002   0.037032
0.002576  0.114188 0.00002  0.00002  0.085459 0.789751 0.023842 0.037784  0.375616  1.571343
0.00002  19.413475 2.764154 0.00002  0.00002  1.545589 2.99296  0.027884  0.00002   0.253247 0.03856
0.00002   0.151495 0.00002  0.00002  0.00002  0.00002  0.031428 0.009423  0.00002   8.538171 2.895172 0.340189
0.00002   0.00002  0.00002  0.00002  0.773082 0.00002  0.00002  0.00002   0.092713  1.368786 6.296781 0.00002  0.00002
1.256282  0.292376 0.00002  0.00002  0.00002  1.571014 0.00002  0.029602  0.723179  0.00002  1.182805 0.097941 0.00002  0.035125
2.104417  0.947496 9.494063 0.127754 1.516267 0.140959 0.00002  1.735582  0.079928  0.211717 1.00888  0.131204 0.073511 1.821906 4.417267
6.315368  0.199572 1.32982  0.00002  0.00002  0.057328 0.00002  0.044927  0.144097  6.767791 0.033401 0.567475 2.228245 0.00002  1.543179 3.290965
0.00002   0.791312 0.00002  0.00002  2.305902 0.00002  0.00002  0.323982  0.206837  0.00002  0.176249 0.00002  0.173206 0.148283 0.074193 0.154086 0.00002
0.043583  0.00002  1.247952 0.771837 4.085694 0.00002  0.029684 0.00002  16.468674  0.00002  0.00002  0.071741 0.228965 5.907642 0.00002  0.431256 0.00002  0.00002
8.030561  0.00002  0.00002  0.439809 0.149716 0.00002  0.346045 0.583259  0.067473 16.913225 1.074192 0.006629 3.855848 1.176807 0.03675  0.052613 0.134211 0.00002 0.234116

0.0775 0.053813 0.03395 0.034973 0.014056 0.030139 0.054825 0.086284 0.01821 0.063272 0.103857 0.059646 0.040389 0.03363 0.036649 0.060915 0.076327 0.030152 0.020069 0.071343


//A   R   N   D   C   Q   E   G   H   I   L   K   M   F   P   S   T   W   Y   V
//Ala Arg Asn Asp Cys Gln Glu Gly His Ile Leu Lys Met Phe Pro Ser Thr Trp Tyr Val