7.41
28.95    14.85
2.52     0.19  331.94
3.7     39.01    0.19    0.19
5.35   319.03   49.58    0.19    0.19
38.63     9.49    7.04  560.05    1.85   89.7
44.18   124.67   27.25   40.96    7.81    4.3   94.46
2.41    78.73  232.14   14.78    3.87  290.94   4.72   0.73
0.19     5.64    4.09    0.19    0.19    0.19   4.17   0.34    0.19
1.59     9.07    3.69    0.19    0.19   35.32   7.06   0.19   41.05  1517.45
2.02  1909.53  204.8     0.19    0.19  171.01  37.41   1.06    1.62     1.06     1.87
0.19   183.14    0.19    0.19    4.82    0.19   0.19   1.69    0.19  2096.61  1089.28    6.51
0.19     3.75    1.04    1.24   14.27    0.49   0.19   0.51    1.42     5.23   246.33    1.88    0.19
99.6     20.94    0.19    0.19    0.19   61.04   0.19   1.96   15.41     1.98    47.66    0.83    4.43    0.19
205.33   386.64  338.32    0.92  358.85   16.21   1.67  97.25   18.49     2.42     6.71    4.7     6.2    13.57  939.76
733.82    80.17  432.09    0.19    3.48   31.66   2.74   3.59    2.33   222.18     2.86  106.43  351.38    0.19   79.04  844.88
0.19    14.03    0.19    1.13    3.14    0.19   0.19   2.06    0.19     0.19     1.43    0.19    0.19    0.19    0.19    0.19    0.19
0.19    74.45    4.45    5.61  193.56    0.19   0.19   0.73  112.12     3.31     6.22    1.87    0.19  316.07    0.19    4.15    3.11   2.61
128.14    12.46    0.19    3.18    5.83    0.19   4.1    5.87    1.47  1861.48   236.91    0.43  187.85   12.96    0.19    4.28  128.52   0.19   0.19

0.0922 0.0263 0.0338 0.0361 0.0186 0.0632 0.0686 0.096 0.0371 0.1011 0.0465 0.0688 0.0183 0.0307 0.0316 0.0431 0.0566 0.0246 0.0248 0.082


//A   R   N   D   C   Q   E   G   H   I   L   K   M   F   P   S   T   W   Y   V
//Ala Arg Asn Asp Cys Gln Glu Gly His Ile Leu Lys Met Phe Pro Ser Thr Trp Tyr Val