0.06530644  
0.023031335 0.146561047 
0.096092436 0.06502478  3.415327194 
1.28072497  0.679182126 0.275519494 0.058426262 
0.086341586 2.473707967 1.291208568 0.197009971 0.168046158 
0.146368301 0.125827127 1.180176072 6.92394539  0.042897894 2.547773154 
1.928381054 0.213949898 0.560014605 0.578004602 0.864617688 0.114539362 0.580214588 
0.039132614 1.26906793  1.709002394 0.363026845 0.322083466 4.583452693 0.213642835 0.060608885 
0.205907738 0.029217332 0.306194977 0.015208038 0.284235413 0.023875024 0.021322965 0.024247325 0.025707591 
0.152674891 0.049494471 0.074390198 0.010586961 0.383509846 0.210077561 0.033400761 0.048874207 0.081325959 2.170827545 
0.012900409 1.670774092 2.67407197  0.093130848 0.004637869 1.957280491 1.165876969 0.155194943 0.242401141 0.103232226 0.082086239 
0.591066469 0.023380636 0.572039434 0.046079767 0.474164931 0.396395563 0.191400752 0.203954151 0.069031445 2.819570428 3.505272096 0.699837777 
0.110781139 0.017509637 0.19398434  0.016810861 0.881389471 0.0516323   0.024540037 0.102740696 0.150689339 0.873314375 1.72595797  0.098459452 0.933701119 
0.620795088 0.130350711 0.225691914 0.105680626 0.069572145 0.575590493 0.121314656 0.027354382 0.302117256 0.067838585 0.15052721  0.180712097 0.0906773   0.10276184   
3.395875107 0.291424058 2.086218508 0.496388403 3.082524883 0.531596087 0.578799869 2.00759745  0.358354415 0.123017672 0.221745642 0.886469072 0.637433394 0.396402546 1.032873046 
3.279987047 0.115087339 1.172036188 0.142148796 0.761882175 0.537251034 0.235249866 0.043502996 0.262083807 1.917454187 0.301511758 0.513154153 2.162937509 0.119606516 0.732132049 3.844613102 
0.024276525 0.312473934 0.072153678 0.07241172  0.731894552 0.118514715 0.103406554 0.232603054 0.080190757 0.063931898 0.29314594  0.106683898 0.25043733  0.481853846 0.053766077 0.200878795 0.04812456  
0.021305188 0.176243737 1.124968964 0.189540114 1.321924864 0.468774829 0.134931891 0.069261223 2.292162589 0.173437273 0.159571011 0.355513641 0.393151804 3.250281971 0.08116755  0.341886365 0.174187774 0.639221889 
2.724636643 0.072179463 0.066248854 0.088554073 1.567135308 0.066173756 0.23163582  0.387735993 0.00874705  8.543938496 1.064655893 0.058182013 1.497831855 0.528477555 0.16919167  0.381877235 1.908390779 0.120430237 0.080536907 

0.0321172 0.0110775 0.0616225 0.0162975 0.0134929 0.0148012 0.0222659 0.0477397 0.0117794 0.0948758 0.1495610 0.0439519 0.0770013 0.1019610 0.0265993 0.1051440 0.0430699 0.0207374 0.0466226 0.0592810


//A   R   N   D   C   Q   E   G   H   I   L   K   M   F   P   S   T   W   Y   V
//Ala Arg Asn Asp Cys Gln Glu Gly His Ile Leu Lys Met Phe Pro Ser Thr Trp Tyr Val