0.058078195 
0.03289392   0.141364275 
0.119156855  0.049700412  4.658420071 
0.633255848  0.739813857  0.29328103   0.077419374 
0.052454947  2.673108089  0.832791533  0.131355702  0.152595208 
0.179163888  0.080835481  0.812241124  6.033788982  0.050609064  2.236617623 
1.46586228   0.219967124  0.543750757  0.630753299  0.91412559   0.072395536  0.768853295 
0.03019213   1.522256865  1.738679644  0.479791112  0.6038339    4.518450891  0.105414735  0.025252656 
0.367600449  0.012428576  0.244934765  0.010668856  0.235804245  0.008875686  0.014004526  0.013781055  0.017140139 
0.109872766  0.058180015  0.046318944  0.005529144  0.299518997  0.254452467  0.019157619  0.027264554  0.111638937  1.897974368 
0.020509508  1.057185633  2.53039843   0.049007456  0.015753762  1.827218186  1.379217783  0.134187175  0.135153663  0.064936611  0.06132452  
0.653363993  0.013494034  0.399827723  0.026109947  0.492340144  0.237094366  0.128410054  0.145331466  0.032834314  2.918353208  3.425553709  0.65931076  
0.062762255  0.008043958  0.138759291  0.012560743  0.925810864  0.026306325  0.017716308  0.068139281  0.090353067  0.750900541  1.811101233  0.097125534  0.748424997 
0.408077053  0.155008566  0.080313958  0.044609563  0.029408411  0.849512435  0.048786299  0.005914206  0.519954375  0.024850021  0.270260781  0.121234921  0.032714699  0.054271889 
2.771686015  0.197379185  2.634378514  0.360804781  3.283014871  0.384800284  0.363104466  1.746570145  0.297586084  0.096272864  0.311525131  0.695088128  0.458734096  0.499349901  1.231180819 
6.73088516   0.056079813  0.961285093  0.102136221  0.338668196  0.274195947  0.134802671  0.02455829   0.221010609  2.453458143  0.253366704  0.393851704  3.035215726  0.053947743  0.73460491   3.114742907 
0.013623416  0.370819892  0.049019408  0.040920528  1.018410485  0.12314062   0.086028795  0.233963371  0.037480927  0.028656797  0.253243013  0.073508963  0.167575318  0.330781928  0.029433866  0.169212029  0.014378616 
0.014501407  0.127519332  1.020785491  0.160289958  1.967371255  0.319105788  0.093214721  0.046746341  3.907918551  0.135319461  0.123555332  0.281699174  0.316599031  3.209083303  0.054012183  0.374184286  0.091031787  0.481044316 
2.815163085  0.041063684  0.051741627  0.084589029  1.394528044  0.027669233  0.227827051  0.417148954  0.003511008 10.953425842  0.958273743  0.055461435  2.562484895  0.466243442  0.054078533  0.267109465  1.514059674  0.093136256  0.06996454  

0.0437932 0.0129578 0.0570013 0.0168990 0.0113305 0.0180181 0.0225385 0.0470501 0.0171837 0.0897794 0.1552260 0.0399135 0.0674443 0.0884480 0.0375282 0.0937522 0.0635790 0.0226713 0.0415682 0.0533174


//A   R   N   D   C   Q   E   G   H   I   L   K   M   F   P   S   T   W   Y   V
//Ala Arg Asn Asp Cys Gln Glu Gly His Ile Leu Lys Met Phe Pro Ser Thr Trp Tyr Val