0.039528087 
0.025400085 0.22223502 
0.142029882 0.088828203 6.008326657 
0.638545114 1.628754606 0.567060562  0.24304131  
0.092724227 3.010946438 1.443003411  0.295205229 0.252172496 
0.202461465 0.027923182 1.64404753  10.551917849 0.24541372  2.495973822 
1.052275544 0.211135339 0.691309787  1.133088063 1.252025822 0.082042453 1.243211952 
0.066631625 1.429437093 2.547192176  0.460290243 0.235759491 5.730432288 0.118159164 0.078732538 
0.081733538 0.04402363  0.443600397  0.046466009 0.27602785  0.053149759 0.063589602 0.037294183 0.101971413 
0.056354236 0.067365714 0.070560457  0.024143465 0.284975871 0.226359102 0.048862861 0.02729188  0.140577603 1.588591037 
0.003057567 1.427283663 3.947911674  0.131824102 0.001108702 3.979585233 3.329630344 0.130289331 0.252933131 0.081965793 0.069714632 
0.410547061 0.019979828 0.427881496  0.047234589 0.267657471 0.245833715 0.291712104 0.172669968 0.144769632 2.954441199 3.979827417 0.800287959 
0.058434718 0.000053751 0.123799323  0.016596667 1.498574002 0.061292528 0.06582573  0.091192406 0.166957163 1.0003315   2.16083819  0.032956833 0.63123039  
0.521438001 0.419988041 0.271362149  0.064778927 0.003598032 0.947363601 0.110752819 0.010476132 0.733232602 0.072930098 0.289575606 0.427737046 0.071284209 0.081313817 
3.263437232 0.24643457  2.50950419   0.494306172 4.039429963 0.452085737 0.565283789 2.472249816 0.199735044 0.182221764 0.45360495  3.040594995 0.749806894 0.618513589 1.512976341 
4.0422603   0.086100759 1.769881797  0.070259694 0.338507365 0.153003303 0.238367009 0.032149901 0.237733268 2.138952103 0.268803775 0.711144381 3.346621035 0.093374439 1.114690474 3.905596222 
0.027788876 1.208615324 0.095835633  0.189869703 2.089960072 0.011311881 0.184724205 0.247942431 0.018917835 0.072472002 0.419246587 0.322553479 0.207645878 0.516028013 0.06038615  0.340305601 0.015955802 
0.015138802 0.224420502 1.440857722  0.406456046 3.725176326 0.751567432 0.268495741 0.086015251 4.152621629 0.171278693 0.205722504 0.39321817  0.30392798  3.901760795 0.21839741  0.519913887 0.125832809 0.777361058 
2.311962101 0.064960081 0.085124839  0.13038429  1.688525926 0.005788447 0.32454558  0.536618725 0.002501554 9.408676331 0.84405672  0.051816346 2.493990344 0.661521677 0.082600308 0.384783028 1.507320622 0.135636288 0.160946765 

0.0371933 0.00998407 0.0577903 0.0166619 0.0110449 0.0163803 0.0181385 0.0416754 0.0139646 0.111614 0.158532 0.0331297 0.0877754 0.0883578 0.0265907 0.0979643 0.0558081 0.0177844 0.0456523 0.0539583


//A   R   N   D   C   Q   E   G   H   I   L   K   M   F   P   S   T   W   Y   V
//Ala Arg Asn Asp Cys Gln Glu Gly His Ile Leu Lys Met Phe Pro Ser Thr Trp Tyr Val