0.061426075 
0.031831916  0.149057853 
0.150297046  0.063019188  8.577252478 
0.258187878  1.170363549  0.306981436  0.124361236 
0.027354705  3.133756862  0.416576378  0.084904707  0.140528069 
0.187890775  0.088305718  0.339883214  6.634089838  0.030812588  2.06066417 
1.113145063  0.288931657  0.573764727  0.961896424  0.910743527  0.041354439  1.151834508 
0.027049022  2.1220079    2.472501269  0.805468382  1.447715191  4.324671886  0.081983093  0.01280823 
0.419106653  0.001696908  0.12218513   0.00267315   0.074268458  0.004845909  0.001457333  0.002980311  0.021069514 
0.084964207  0.078245354  0.00518453   0.002808236  0.182360515  0.253147623  0.009125664  0.00689027   0.147175841  1.41388806 
0.020710956  0.431137268  2.487731335  0.02045269   0.018885125  2.031041265  2.113012391  0.110065675  0.182068253  0.006852808  0.021134276 
0.77609134   0.002391939  0.038343725  0.006156273  0.081020095  0.124183971  0.059893588  0.034003939  0.025326733  2.73580491   3.155941253  0.43579328 
0.069418424  0.00232623   0.011832201  0.005370941  1.071104374  0.010980483  0.001569405  0.015417345  0.183163356  0.516552726  2.390574145  0.010488183  0.147101242 
0.285706397  0.221106403  0.039069406  0.032172065  0.023520451  0.915068649  0.023665106  0.001588822  0.673949441  0.01898617   0.357953716  0.152366262  0.03130126   0.068701823 
2.539091702  0.127840652  3.777847616  0.376137787  3.378191969  0.256671584  0.104799233  1.238301314  0.450133322  0.042952526  0.435065499  0.193583353  0.148305649  0.869391551  1.922238895 
5.457787758  0.028428747  0.866028161  0.088772981  0.162800805  0.118976512  0.097890386  0.007678823  0.151157734  2.411521891  0.181367201  0.408372307  3.695874029  0.064760754  0.576413595  2.908579763 
0.008350305  0.544282004  0.007528026  0.024653916  1.764289698  0.122739514  0.062084664  0.253335423  0.033143637  0.001928621  0.188124443  0.031311764  0.059361129  0.095489234  0.019550695  0.141663396  0.003372908 
0.013142627  0.145341785  0.855444034  0.174581453  5.129621829  0.24379326   0.039546237  0.020949593  9.019615949  0.047323608  0.106687168  0.071183277  0.079180592  4.071651775  0.072344705  0.53309475   0.086650158  0.29464987 
3.176975964  0.034013497  0.013012894  0.123720116  0.377893834  0.009298536  0.215600533  0.444794286  0.002695769 13.419120278  0.867600218  0.02631879   4.378921288  0.344319078  0.025284157  0.058827343  1.341486679  0.045879219  0.027607483 

0.07062880 0.01389910 0.04550210 0.01484900 0.00674192 0.02643900 0.02148260 0.04401990 0.02418950 0.09082190 0.17267400 0.02732580 0.05634310 0.04957030 0.05424820 0.07466290 0.10903500 0.02548910 0.02645540 0.04562230


//A   R   N   D   C   Q   E   G   H   I   L   K   M   F   P   S   T   W   Y   V
//Ala Arg Asn Asp Cys Gln Glu Gly His Ile Leu Lys Met Phe Pro Ser Thr Trp Tyr Val