0.164520503 
0.13378666  0.301753825 
0.667759687 0.102671327 4.669240542 
0.375561674 1.87855413  0.218506732 0.132842206 
0.172392722 3.619009961 0.250359878 0.124852096 0.095864103 
0.781197529 0.20835749  0.202345038 5.379197337 0.056958677 1.746841825 
2.0763385   1.797395963 0.6794945   1.991708503 1.179185026 0.168866582 1.45353378 
0.161623558 4.710380602 3.940278094 0.956160014 1.79641177  5.600293701 0.164776154 0.227985715 
0.203510704 0.217922574 0.520603634 0.071028795 0.233803448 0.064010956 0.054619397 0.086763961 0.094641478 
0.17892575  0.403058144 0.048270492 0.042419644 0.297464704 0.583097899 0.070620812 0.086464596 0.627289885  2.383373587 
0.150019883 5.862144662 2.011938106 0.10985077  0.049580542 1.705745478 1.499396112 0.184898463 0.108290367  0.192452773 0.074328424 
0.426954296 0.737495653 0.124928924 0.058185276 0.192839562 0.273324822 0.142904022 0.172462927 0.119658259  7.422424301 4.121859707 0.760101625 
0.156046906 0.098468307 0.074017139 0.075986849 1.649041128 0.061484905 0.05991523  0.098183513 0.275397853  1.183422487 2.957377967 0.060573566 0.338235196 
1.899027463 0.525891518 0.068009985 0.123677157 0.200110404 1.590125986 0.137838674 0.136748511 1.445166153  0.107833373 1.381061149 0.129943936 0.137065096 0.146012906 
2.359299936 0.843914331 5.427387027 0.263292147 2.507254736 0.189228647 0.139146074 2.427076788 0.376188219  0.330866332 0.498124825 0.193144225 0.150312624 0.827642694 2.786459548 
7.524532664 0.539886133 1.955763604 0.13270577  0.233037817 0.165733855 0.155868082 0.198123473 0.145627442  3.528654954 0.153102275 0.889109054 4.911310946 0.119728464 1.52998822  3.075670543 
0.101039395 2.131494369 0.058369398 0.043905868 2.144674342 0.5214196   0.088844939 0.579178348 0.134177423  0.08868466  0.683790243 0.064089109 0.27624561  0.603795093 0.100007515 0.264443242 0.07963088 
0.091694198 0.139818982 0.655149301 0.420781565 5.68528532  0.126113134 0.070592995 0.083304052 7.28708651   0.172110578 0.17628843  0.080506454 0.165573576 5.877878503 0.112513257 0.458878972 0.102291161 0.645002709 
4.300445029 0.107177686 0.082093349 0.228482448 0.278600785 0.094238794 0.325642029 0.868890049 0.081513165 12.950251994 1.879650916 0.09739139  7.15849766  0.733119107 0.145626117 0.152049202 0.573328824 0.113423271 0.125003102 

0.067997 0.055503 0.036288 0.046867 0.021435 0.050281 0.068935 0.055323 0.02641 0.041953 0.101191 0.060037 0.019662 0.036237 0.055146 0.096864 0.057136 0.011785 0.02473 0.066223


//A   R   N   D   C   Q   E   G   H   I   L   K   M   F   P   S   T   W   Y   V
//Ala Arg Asn Asp Cys Gln Glu Gly His Ile Leu Lys Met Phe Pro Ser Thr Trp Tyr Val