0.061995451 
0.071787018 0.324146307 
0.48272325  0.017012888 5.640569094 
0.523802485 2.773840824 0.412259505 0.072474815 
0.26669947  3.319795598 0.641219533 0.10139171  0.105145707 
0.848857861 0.02737889  0.203417806 6.983296655 0.004325163 3.676487445 
2.099517664 0.923332845 0.989386407 1.214523767 1.225782488 0.189953993 0.893983216 
0.086540313 4.386107333 5.633764157 1.133417157 3.025390235 8.135368256 0.117555479 0.12776016 
0.047711951 0.148339563 0.470979475 0.007582115 0.267133294 0.022845535 0.010786746 0.011450563 0.074259162 
0.132461376 0.242868565 0.008688476 0.007966889 0.387974066 0.713657288 0.029290769 0.013401682 0.666044528  3.178490964 
0.135231094 6.796751125 3.253593795 0.018324171 0.000109001 2.561068546 1.166641775 0.150166421 0.040648681  0.143807298 0.02226565 
0.487603228 0.622545469 0.164436842 0.009922368 0.133016192 0.383963916 0.121953673 0.072782198 0.060192574  6.137883228 5.109951861 0.997263914 
0.101998846 0.018497482 0.03348949  0.011945428 2.787245776 0.000109001 0.003428084 0.016479873 0.304517393  1.260751123 3.06753877  0.004231422 0.367280212 
1.679096158 0.423800539 0.020342871 0.080963818 0.083580934 1.394642593 0.104298769 0.064165663 1.15090747   0.036382379 0.55976194  0.059246444 0.049078824 0.049489758 
3.724953683 0.724887668 4.517199656 0.281847349 5.612663729 0.304709235 0.112097795 1.591990129 0.447466853  0.164991657 0.54964555  0.209386705 0.171531722 0.574024731 2.359864552 
4.753201153 0.655493224 2.669910479 0.105335369 0.389742063 0.300884387 0.195263436 0.123875362 0.116237656  2.552275429 0.089626134 1.172764365 4.055778486 0.062695238 1.066677979 5.735630021 
0.016624844 0.808384672 0.005560145 0.000347713 2.878143952 0.17646184  0.013106289 0.196264065 0.06688306   0.000109001 0.582218341 0.002231252 0.229612944 0.597613653 0.009791567 0.216845648 0.000109001 
0.033775073 0.054821001 0.7534187   0.255631501 4.340476213 0.036965535 0.020444242 0.012699715 7.284279143  0.053844351 0.084699285 0.016433002 0.066804579 8.185198097 0.032534641 0.405822992 0.051593479 0.524555683 
3.226243245 0.041421498 0.061468976 0.1470043   0.560195764 0.088095759 0.303691165 0.297902118 0.066305354 10.911840366 1.918251057 0.050145945 2.585318015 0.627525728 0.11460809  0.058704709 0.972725592 0.026833885 0.133140453 

0.074923 0.0505 0.038734 0.053195 0.0113 0.037499 0.068513 0.059627 0.021204 0.058991 0.102504 0.067306 0.022371 0.043798 0.037039 0.084451 0.04785 0.012322 0.030777 0.077097 


//A   R   N   D   C   Q   E   G   H   I   L   K   M   F   P   S   T   W   Y   V
//Ala Arg Asn Asp Cys Gln Glu Gly His Ile Leu Lys Met Phe Pro Ser Thr Trp Tyr Val