0.1159435373  
0.2458816714  0.1355713516  
0.9578712472  0.0775041665  8.4408676914  
0.2327281954  9.1379470330  0.1137687264  0.0582110367  
0.3309250853  5.2854173238  0.1727184754  0.8191776581  0.0009722083  
0.6946680829  0.0966719296  0.2990806606  7.3729791633  0.0005604799  3.5773486727  
2.8076062202  3.0815651393  0.5575702616  2.2627839242  1.1721237455  0.0482085663  3.3184632572  
0.2275494971  2.8251848421  9.5228608030  2.3191131858  0.0483235836  4.4138715270  0.0343694246  0.0948383460  
0.0627691644  0.5712158076  0.2238609194  0.0205779319  0.1527276944  0.0206129952  0.0328079744  0.1239000315  0.0802374651  
0.0305818840  0.1930408758  0.0540967250  0.0018843293  0.2406073246  0.3299454620  0.0373753435  0.0005918940  0.1192904610  1.3184058362  
0.2231434272  6.0541970908  4.3977466558  0.1347413792  0.0001480536  5.2864094506  6.8883522181  0.5345755286  0.3991624551  0.2107928508  0.1055933141  
0.1874527991  0.2427875732  0.0433577842  0.0000022173  0.0927357503  0.0109238300  0.0663619185  0.0128777966  0.0722334577  4.3016010974  1.1493262595  0.4773694701  
0.0458112245  0.0310030750  0.0233493970  0.0000080023  0.8419347601  0.0027817812  0.0361207581  0.0490593583  0.0197089530  0.3634155844  2.1032860162  0.0861057517  0.1735660361  
1.5133910481  0.7858555362  0.3000131148  0.3337627573  0.0036260499  1.5386413234  0.5196922389  0.0221252552  1.0171151697  0.0534088166  6.0377879080  0.4350064365  0.1634497017  0.3545179411  
2.3008246523  0.7625702322  1.9431704326  0.6961369276  2.3726544756  0.1837198343  0.9087013201  2.5477016916  0.3081949928  0.1713464632  2.7297706102  0.3416923226  0.0730798705  4.0107845583  8.4630191575  
4.3546170435  1.0655012755  1.6534489471  0.0985354973  0.1940108923  0.3415280861  0.2794040892  0.1657005971  0.2704552047  2.3418182855  0.0426297282  1.2152488582  4.6553742047  0.0068797851  1.1613183519  2.2213527952  
0.0565037747  6.7852754661  0.0000010442  0.0000002842  0.9529353202  0.0009844045  0.0002705734  0.5068170211  0.0000932799  0.0050518699  0.3163744815  0.0000023280  0.1010587493  0.2890102379  0.0041564377  0.0495269526  0.0002026765  
0.0358664532  0.0714121777  0.3036789915  1.3220740967  1.7972997876  0.0066458178  0.3052655031  0.0174305437 21.9842817264  0.1070890246  0.0770894218  0.1929529483  0.0561599188  1.6748429971  0.0021338646  1.8890678523  0.2834320440  0.3134203648  
3.2116908598  0.0108028571  0.0860833645  0.0426724431  0.3652373073  0.0287789552  0.1484349765  0.5158740953  0.0059791370  3.3648305163  0.8763855707  0.0776875418  0.9145670668  0.3963331926  0.1080226203  0.0640951379  0.2278998021  0.0388755869  0.1836950254  

0.0461811000 0.0534080000 0.0361971000 0.0233326000 0.0234170000 0.0390397000 0.0341284001 0.0389164000 0.0164640000 0.0891534000 0.1617310001 0.0551341000 0.0233262000 0.0911252000 0.0344713001 0.0771077000 0.0418603001 0.0200784000 0.0305429000 0.0643851996


//A   R   N   D   C   Q   E   G   H   I   L   K   M   F   P   S   T   W   Y   V
//Ala Arg Asn Asp Cys Gln Glu Gly His Ile Leu Lys Met Phe Pro Ser Thr Trp Tyr Val